00111100000000100000000000000000 ->>>00110100010000100000000000000100
00111100000001000000000000000000 ->>>00110100100001000000000111110100
00000000000000000000000000001100
00111100000000100000000000000000 ->>>00110100010000100000000000000101
00000000000000000000000000001100
00000000010000001000000000100000
00000000000000101000100010000000
00000011101100011110100000100010
00111100000000100000000000000000 ->>>00110100010000100000000000000100
00111100000001000000000000000000 ->>>00110100100001000000000111111000
00000000000000000000000000001100
00000000000000000100100000100000
00000001000100000000100000101010 ->>>00010000001000000000000011000100
00000000000010000100100010000000
00000001001111010101000000100000
00111100000000100000000000000000 ->>>00110100010000100000000000000101
00000000000000000000000000001100
10101101010000100000000000000000
00111100000000100000000000000000 ->>>00110100010000100000000000000100
00111100000001000000000000000000 ->>>00110100100001000000001000000000
00000000000000000000000000001100
00100001000010000000000000000001
00001000000000100000000001111000
00000011101000000010100000100000
00000010000000000011000000100000
00001100000000100000000101110000
00111100000000100000000000000000 ->>>00110100010000100000000000000100
00111100000001000000000000000000 ->>>00110100100001000000000111111100
00000000000000000000000000001100
00000000000000001001000000100000
00000010010100000000100000101010 ->>>00010000001000000000000100100100
00000000000100100100000010000000
00000011101010000100100000100000
10001101001001000000000000000000
00111100000000100000000000000000 ->>>00110100010000100000000000000001
00000000000000000000000000001100
00100010010100100000000000000001
00001000000000100000000011110000
00000011101100011110100000100000
00111100000000100000000000000000 ->>>00110100010000100000000000001010
00000000000000000000000000001100
00000000000000000100000000100000
00000010000000000101000000100000
00100001010010101111111111111111
00000000000000000101100000100000
00000001010010000000100000101010 ->>>00010100001000000000000110100100
00001000000000100000001000100000
00000001010010000110000000100010
00000000000000000100100000100000
00000001001011000000100000101010 ->>>00010000001000000000001000010000
00000000000010010110100010000000
00000001101001010110100000100000
00100001110010010000000000000001
00000000000011100111000010000000
00000001110001010111000000100000
10001101101100100000000000000000
10001101110100110000000000000000
00001000000000100000001000000100
00001000000000100000001000110100
00100001011000000000000000000001
00100001001010010000000000000001
00001000000000100000000110111000
00010001011000000000001000100000
00100001000010000000000000000001
00001000000000100000000110010000
00000011111000000000000000001000
00000000000010010110100010000000
00000001101001010110100000100000
00100001110010010000000000000001
00000000000011100111000010000000
00000001110001010111000000100000
10001101101100100000000000000000
10001101110100110000000000000000
10101101101100110000000000000000
10101101110100100000000000000000
00001000000000100000000111111100
